1382371227
1384572961
1384574764
1389899211
1391777098
1391840838
1396207180
1397165967
1397391589
1397489234
1397659671
1398385690
1400960087
1401479794
1402718264
1403443957
1408112338
1415814902
1415960127
1416216349
1418814582
1419507159
1425028230
1425763991
1429869350
1429881922
1431020641
1434267474
1434360863
1435933411
1435935870
1435948410
1436301731
1436450878
1436841123
1437434889
1437493355
1438763109
1438765739
1440658408
1441273375
1441640062
1441684731
1441880423
1443320998
1443461237
1444896082
1444973633
1445124373
1445243983
1446189842
1446321689
1446562599
1447098173
1447142091
1447325065
1449246540
1450082227
1452791607
1453391621
1454939067
1456397673
1456410540
1456444395
1457072013
1457113676
1458702490
1459291988
1459344363
1459350322
1460084255
1460466360
1460568355
1460635846
1460973633
1461326677
1462800256
1462837181
1462869999
1463000500
1463498079
1464612540
1464738131
1464739489
1464911631
1464956253
1465743710
1465907849
1465928041
1466563439
1466630789
1466941787
1466958962
1467188676
1467193680
1467236732
1467239365
1467305692
1467361030
1467462283
1467613903
1467907694
1468014116
1468120390
1468254127
1468382136
1468449884
1468557754
1468992722
1469119043
1469481172
1469482010
1469510217
1469545727
1469817453
1470150457
1470238252
1470247804
1470441116
1470539365
1470620243
1471513195
1471581946
1471966059
1472008755
1472053048
1472101185
1472141396
1472632160
1473132664
1473195557
1473253274
1473545449
1473782382
1473786757
1473839934
1474135813
1474618002
1475226580
1475258064
1475329900
1475582344
1475621870
1475899557
1476013780
1476015320
1476159547
1476260742
1476279039
1476378788
1476414408
1476639680
1476645982
1476699651
1476793023
1476827945
1477159635
1477219941
1477675569
1477893094
1478217938
1478494212
1479265618
1479356696
1479404972
1479732256
1479734665
1479875248
1479998900
1480446177
1480513146
1480973955
1481009085
1481351702
1481786726
1482140664
1482211653
1482289807
1482315954
1482323721
1482859239
1482908736
1483175073
1483557879
1483608072
1484127631
1484249677
1484832289
1484883762
1485094120
1485187704
1485247063
1485422059
1485997964
1486056056
1486372670
1486419239
1486537718
1486715217
1486956977
1487308144
1487608195
1487689525
1487945328
1488358862
1488744091
1488885238
1489492922
1489679258
1489942708
1490088596
1490302651
1490791504
1490864010
1490981612
1493988425
1494024610
1494305144
1495799786
1497512729
1497666407
1498021077
1498469095
1498634345
1498844213
1499690672
1499746070
1499852212
1500374634
1500525257
1500975893
1501341583
1501418159
1501573914
1502425692
1502780835
1503511514
1503716803
1503929907
1504651661
1504879931
1505124197
1505157331
1505809206
1506338493
1507534543
1507889719
1508895474
1508929289
1508930362
1508953498
1508963872
1509090035
1509133596
1509456918
1509571726
1509725377
1509726396
1510740873
1511349843
1512564277
1513041635
1513700514
1513830213
1514368015
1515169236
1516870422
1517065084
1517315680
1517383115
1517413268
1519124389
1520356788
1520371650
1520926526
1522246515
1523019936
1523207683
1523869669
1524573784
1524941678
1525004089
1526652171
1527843686
1528093353
1528879038
1530906199
1532434781
1532720353
1535729560
1537887483
1539593914
1539731447
1540037120
1540226928
1544709783
1545048043
1545281809
1547657193
1548331658
1548693661
1548700988
1548932644
1549307532
1550306203
1550437114
1551104809
1551181745
1551697586
1551791321
1551909014
1551962465
1552558951
1552570711
1552634500
1552654262
1553671088
1556168016
1559223712
1567120274
1568505623
1568636627
1573052375
1574168394
1574763045
1577455337
1598345554
